7822
5574
178
3407
8496
2730
2269
2066
726
3842
3025
1031
9751
874
3226
1158
6680
8272
666
6682
6763
5024
6955
1919
8156
1911
698
4252
3057
3495
7874
2710
1936
8939
6475
628
9632
28
454
7160
8443
2112
5347
719
6352
9561
4605
9587
8687
5039
4021
1862
8998
2117
9951
7736
4247
5997
6046
9708
3355
3180
7584
3334
6022
5255
9676
1672
9879
1320
1482
1599
1123
3067
1501
9533
3098
8226
3909
9532
4010
5712
7624
8549
2849
8312
7660
6162
646
6458
1952
884
3829
1188
6687
7348
2589
1209
5922
1147
8747
8858
8540
8276
6695
1758
1359
875
5090
1464
9349
1243
7226
5375
4085
2668
9584
3652
4276
8677
5086
1850
1086
3802
7032
1284
7444
6021
6412
4426
7599
3232
2933
3897
5731
1455
9265
4053
4610
2929
8156
4665
8099
9252
6151
4907
1808
6879
3041
5314
8765
1551
4940
7749
5340
3658
7676
6859
8391
8747
7605
5938
7133
4615
3508
2172
8855
4729
2286
5134
9724
7940
3343
1012
2609
1269
4987
26
2440
7060
3404
8053
807
199
5550
1863
6263
5060
422
2743
9943
463
6758
546
8707
712
8120
8458
7833
1204
4702
5570
2953
3273
3198
7543
3560
6249
6238
5063
1724
1771
8974
6784
3644
4898
1227
7564
5546
8409
4398
3898
9384
4134
2119
3739
8893
9861
5347
8557
6059
8044
4209
8394
9793
7485
2085
474
9841
8647
9439
7859
4502
917
2447
7301
6701
1749
3716
5655
1673
6500
3479
1513
6007
4185
8431
2956
4282
7904
8306
6732
7085
8519
3080
7241
3969
3540
392
9257
855
2896
2937
3435
6785
999
3493
4122
186
6816
4619
9460
7428
1348
681
4107
312
5278
329
358
9564
6653
293
7803
6501
7959
1807
5332
1885
697
9457
6962
2115
621
7054
8790
5684
8971
8662
3947
6164
4536
1063
860
333
9283
5005
2288
4038
4449
8203
7642
1871
8807
3652
7704
8265
9337
717
3773
7147
5562
4851
9740
6992
2420
8900
8294
9502
5051
7214
1183
4956
4826
6182
3374
1017
1262
4771
9599
255
8678
7977
1536
6146
8929
3224
4689
5499
5126
7671
1007
3672
1959
2897
7551
7728
9113
7257
3702
3271
6420
8907
3447
3136
8608
6524
7492
5897
4139
1992
5966
2395
2654
2493
5383
7499
4856
4983
3141
1363
6108
9975
58
7524
300
452
4852
2957
2009
144
4561
4372
8318
1922
8979
591
7330
8184
3224
5403
214
3069
2265
3219
7475
5008
9464
9664
5903
2199
8431
8901
7399
3907
232
4596
6202
9476
5996
1622
2629
5425
7870
4149
8685
2594
7535
8480
9983
3357
9834
5299
4972
4549
1062
9684
2696
9822
3391
6376
3623
2780
5801
9266
9712
4946
1712
1497
410
9101
5444
4944
8896
2487
1677
7201
7732
7097
734
1818
6762
9826
5853
2804
811
2767
2663
1882
211
932
2744
729
6199
8379
3825
2613
6240
4360
2403
9610
4682
51
298
6886
5201
7303
3449
8494
7219
4622
3965
677
7442
6788
3166
681
5390
2339
585
941
9335
3671
2538
4876
734
2520
2869
722
209
879
8706
7399
6215
3438
8314
7648
7405
4428
2598
705
9035
453
9541
947
2381
3549
9692
3885
2382
2714
4719
7506
1977
821
2238
2197
4459
7497
4782
5061
9212
6892
7519
5676
3258
5604
8729
536
4676
649
6531
3468
7507
5740
2046
8104
7020
4521
3080
6636
5425
3126
8599
6375
3280
9544
5853
3782
9028
4443
9871
4070
6072
7306
6718
1771
1621
9175
2731
7750
126
6912
8888
2777
5899
2771
243
7847
6754
